Code,Event Name,Title,Composer,Arranger,Publisher [Collection],Grade,Specification
211-1-11081,Soprano Saxophone Solo,Allegro (from Sonata No. 4),Bach,Davis,"Western International Music, Inc.",1,
211-1-11082,Soprano Saxophone Solo,Sonata for Soprano,Caravan,,Ethos,1,(play two mvts)
211-1-11083,Soprano Saxophone Solo,Sonata Op. 4 No. 11 in f minor,Loeillet,Pittel,Southern Music Company,1,(play two contrasting mvts)
211-1-11084,Soprano Saxophone Solo,Concertro in c minor,Marcello,Pittel,Southern Music Company,1,(play two contrasting mvts)
211-2-11085,Soprano Saxophone Solo,Vocalise Op. 34 No. 14,Rachmaninoff,Pittel,Southern Music Company,2,
211-1-11086,Soprano Saxophone Solo,Variations,Rossini,Schmidt/Davis,"Western International Music, Inc.",1,(play all)
211-1-11088,Soprano Saxophone Solo,Sonata,Telemann,Londiex,Alphonse Leduc,1,(play two mvts)
211-1-11089,Soprano Saxophone Solo,Fantasia,Villa-Lobos,,Southern Music Publishing Company,1,(play mvt 1 OR 2 & 3)
211-1-11090,Soprano Saxophone Solo,Intermezzo for Soprano Saxophone and Piano,Yoshioka,,Southern Music Company,1,(play all) NMR:(play all)
211-2-11091,Soprano Saxophone Solo,The King's Hunting Jigg,Bull,Davis,"Western International Music, Inc.",2,
211-2-11093,Soprano Saxophone Solo,Two Poetic Scenes,Granados,Davis,"Western International Music, Inc.",2,(play both mvts)
211-3-11094,Soprano Saxophone Solo,Pavana and Galiardo,Byrde,Davis,"Western International Music, Inc.",3,
212-1-11095,Alto Saxophone Solo,Gigue,Aubert,Maganini/Clark,"Edition Musicus-New York, Inc.",1,
212-1-11100,Alto Saxophone Solo,Suite No. III,Bach,Londeix,Lemoine Music Company,1,(unaccomp) (play two mvts - Bouree I & II count as one mvt)
212-1-11097,Alto Saxophone Solo,Sonata No. 4,Bach,Mule,Alphonse Leduc,1,(play 3 mvts; Menuetto 1 & 2 count as one mvt)
212-1-11101,Alto Saxophone Solo,Sonata,Bedard,,Dobberman-Yppan,1,(play two mvts)
212-1-11103,Alto Saxophone Solo,Caprice en Forme de Valse,Bonneau,,Alphonse Leduc,1,(unaccomp)
212-1-11104,Alto Saxophone Solo,Concerto,Bonneau,,Alphonse Leduc,1,(play one mvt)
212-1-11105,Alto Saxophone Solo,Divertimento,Boutry,,Alphonse Leduc,1,(play mvt 1 plus mvt 2 or 3)
212-2-11163,Alto Saxophone Solo,Aria,Bozza,,Alphonse Leduc,2,
212-1-11108,Alto Saxophone Solo,Improvisation et Caprice,Bozza,,Alphonse Leduc,1,(unaccomp)
212-1-11107,Alto Saxophone Solo,Impromptu et Danse,Bozza,,Alphonse Leduc,1,
212-1-11109,Alto Saxophone Solo,Introduction Dance and Furioso,Couf,,"Belwin, Inc",1,(unaccomp)
212-1-11110,Alto Saxophone Solo,Concerto,Creston,,"G. Schirmer, Inc.",1,(play one mvt) NMR:(play 1 & 2 OR 2 & 3)
212-1-11111,Alto Saxophone Solo,Sonata Op. 19,Creston,,Shawnee Press,1,(play one mvt)
212-1-11112,Alto Saxophone Solo,Rhapsodie,Debussy,,Durand,1,
212-1-11113,Alto Saxophone Solo,Syrinx,Debussy,Londiex,Jobert,1,(unaccomp)
212-1-11114,Alto Saxophone Solo,Concerto,Dubois,,Alphonse Leduc,1,(play one mvt)
212-1-11115,Alto Saxophone Solo,Divertissement,Dubois,,Alphonse Leduc,1,(play mvt 1 or 3)
212-1-11116,Alto Saxophone Solo,Alla Gitana,Dukas,,Alphonse Leduc,1,
212-1-11117,Alto Saxophone Solo,Sonata,Eccles,Rascher,"Elkan-Vogel Company, Inc.;Theodore Presser Company",1,"(play mvts 1, 2, & 4)"
212-2-11118,Alto Saxophone Solo,Sonata,Fasch,Rascher,McGinnis & Marx,2,(play two mvts)
212-1-11119,Alto Saxophone Solo,Rhapsody for Solo Saxophone,Frackenpohl,,"Kendor Music, Inc.",1,(play all) (unaccomp)
212-1-11120,Alto Saxophone Solo,Concerto in Eb Op. 109,Glazounov,,Alphonse Leduc,1,(perform begining to square 22) NMR:(play all & CUT piano interludes)
212-1-11121,Alto Saxophone Solo,Adagio and Allegro (from Sonata No. 1),Handel,Gee,Southern Music Company,1,
212-1-11122,Alto Saxophone Solo,Sonata No. IV,Handel,Mule,Alphonse Leduc,1,(play three mvts)
212-1-11125,Alto Saxophone Solo,Sonata No. V,Handel,Ramsay,Medici Music Press,1,(play all)
212-1-11123,Alto Saxophone Solo,Sonata No. III,Handel,Rascher,Chappell Music Company,1,(play three mvts)
212-1-11124,Alto Saxophone Solo,Sonata No. XIII,Handel,Rascher,Theodore Presser Company,1,(play three mvts)
212-1-11126,Alto Saxophone Solo,Duo,Hartley,,Tenuto Publications,1,(play all) NMR:(play all)
212-1-11127,Alto Saxophone Solo,Petite Suite,Hartley,,Crescendo Music Sales Company,1,(play three mvts) (unaccomp)
212-1-11128,Alto Saxophone Solo,Diversion,Heiden,,Etoile Music Inc.,1,
212-1-11129,Alto Saxophone Solo,Sonata,Heiden,,Schott Company,1,(play one mvt)
212-1-11130,Alto Saxophone Solo,Slavonic Fantasy,Heumann,Voxman,"Rubank, Inc.",1,
212-1-11131,Alto Saxophone Solo,Concertino da Camera,Ibert,,Alphonse Leduc,1,(play one mvt)
212-1-11132,Alto Saxophone Solo,Sonata,Jacobi,,"Bourne, Co.",1,(play two mvts)
212-1-11133,Alto Saxophone Solo,"23 Caprices for Flute, arr. for Saxophone",Karg-Elert,Ford,Southern Music Company,1,(play two caprices)
212-1-11135,Alto Saxophone Solo,Sonata,Lunde,,Southern Music Company,1,(play mvt 1 or mvts 2 & 3)
212-1-11136,Alto Saxophone Solo,Tableaux de Provence,Maurice,,Lemoine Music Company,1,(play three mvts)
212-1-11137,Alto Saxophone Solo,Scaramouche,Milhaud,,"Salabert, Inc.",1,(play mvts 1 & 2 or 2 & 3)
212-1-11138,Alto Saxophone Solo,Sonata,Muczynski,,"G. Schirmer, Inc.",1,(play one mvt)
212-1-11140,Alto Saxophone Solo,Concertante,Paladilhe,Voxman,"Rubank, Inc.",1,
212-1-11141,Alto Saxophone Solo,Tango Etudes,Piazzolla,Delangle,Edition Lemoine,1,(play one) (unaccomp)
212-1-11142,Alto Saxophone Solo,Sonata No. 5,Platti,Hervig,"Rubank, Inc.",1,(play all)
212-1-11143,Alto Saxophone Solo,Tosca Fantasy,Puccini,Hermann,Valhalla Music Press,1,
212-1-11145,Alto Saxophone Solo,Variations,Rossini,Schmidt,"Western International Music, Inc.",1,(play all)
212-1-11147,Alto Saxophone Solo,Three Romances,Schumann,Hemke,Southern Music Company,1,(play two mvts)
212-2-11148,Alto Saxophone Solo,"Fantasiestucke (Fantasy Piece Op. 73, No. 3",Schumann,Teal,"G. Schirmer, Inc. [Solos For The Alto Saxophone Player]",2,
212-1-11149,Alto Saxophone Solo,Fleurs d'un Songe,Succari,,Alphonse Leduc,1,
212-1-11150,Alto Saxophone Solo,Concerto,Tate,,Oxford University Press,1,"(play mvt 1, 2, OR 4)"
212-2-11096,Alto Saxophone Solo,Sicilienne and Allegro,Bach,Teal,"G. Schirmer, Inc. [Solos For The Alto Saxophone Player]",2,
212-1-11151,Alto Saxophone Solo,Sonate,Telemann,Londiex,Alphonse Leduc,1,(play two mvts)
212-1-11152,Alto Saxophone Solo,Concerto,Tomasi,,Alphonse Leduc,1,NMR:(play one mvt)
212-1-11153,Alto Saxophone Solo,Sarabande and Gigue,Tull,,"Boosey & Hawkes, Inc.",1,(play both mvts)
212-1-11154,Alto Saxophone Solo,Introduction and Samba,Whitney,,"Bourne, Co.",1,
212-1-11155,Alto Saxophone Solo,Rumba,Whitney,Bolton,"Bourne, Co.",1,(acc on marimba or piano)
212-2-11156,Alto Saxophone Solo,Valse Lente,Alessandrini,,Billaudot,2,
212-2-11157,Alto Saxophone Solo,Arioso (from Cantata No. 156),Bach,Kent,"Carl Fischer, Inc.",2,
212-2-11158,Alto Saxophone Solo,Gavottes,Bach,Mule,Alphonse Leduc,2,
212-2-11159,Alto Saxophone Solo,Evening in the Country,Bartok,Harris,Ludwig Music Publishing Company,2,
212-2-11161,Alto Saxophone Solo,Minuet (from L'Arlesienne),Bizet,Buchtel,Neil A. Kjos Music Company,2,
212-2-11162,Alto Saxophone Solo,Suite,Bonneau,,Alphonse Leduc,2,(play at least 2 mvts)
212-2-11164,Alto Saxophone Solo,Pavana and Galiando,Byrd,Davis,"Western International Music, Inc.",2,
212-2-11165,Alto Saxophone Solo,Largo,Chopin,Rosseau,Etoile Music Inc.,2,
212-2-11167,Alto Saxophone Solo,Air and Dance,Corelli,Maganini,"Edition Musicus-New York, Inc.",2,
212-2-11166,Alto Saxophone Solo,Adagio,Corelli,Mule,Alphonse Leduc,2,
212-2-11168,Alto Saxophone Solo,Canzonetta Op. 6,d'Ambrosio,Hummel,"Rubank, Inc.",2,
212-2-11169,Alto Saxophone Solo,Vacance,Damase,,Billaudot,2,
212-2-11170,Alto Saxophone Solo,Emotion,Dautremer,,Lemoine Music Company,2,
212-2-11171,Alto Saxophone Solo,Claude Debussy Saxophone Album,Debussy,Ray,Universal Editions,2,(play two mvts)
212-2-11172,Alto Saxophone Solo,Pavane Op. 50,Faure,Ramsay,Medici Music Press,2,
212-2-11174,Alto Saxophone Solo,Dorian Elegy,Frackenpohl,,"Kendor Music, Inc.",2,(play all)
212-2-11173,Alto Saxophone Solo,Air for Alto,Frackenpohl,,"Kendor Music, Inc.",2,(play all)
212-2-11175,Alto Saxophone Solo,Romance,Giovannini,,Southern Music Company,2,
212-2-11176,Alto Saxophone Solo,Two Poetic Scenes,Granados,Davis,"Western International Music, Inc.",2,(play both mvts) (sop sax)
212-2-11178,Alto Saxophone Solo,Sicilienne et Gigue,Handel,Mule,Alphonse Leduc,2,
212-2-11179,Alto Saxophone Solo,Oxen Minuet,Haydn,Rascher,"Belwin, Inc",2,
212-2-11180,Alto Saxophone Solo,Schon Rosmarin,Kreisler,Gurewich,"Charles Foley, Inc.",2,
212-2-11181,Alto Saxophone Solo,Sicilienne,Lantier,,Alphonse Leduc,2,
212-2-11182,Alto Saxophone Solo,Gigue,LeClair,Mule,Alphonse Leduc,2,
212-2-11183,Alto Saxophone Solo,Mattinata,Leoncavallo,Barnes,Ludwig Music Publishing Company,2,
212-2-11184,Alto Saxophone Solo,"Sonata Op. 4, No. 9",Loeillet,Merriman,Southern Music Company,2,(play all)
212-2-11185,Alto Saxophone Solo,Saxography,Luebke,,"Belwin, Inc",2,
212-2-11186,Alto Saxophone Solo,Larghetto,Mozart,Dishinger,Medici Music Press,2,
212-2-11188,Alto Saxophone Solo,Emily's Caprice,Niehaus,,"Kendor Music, Inc.",2,
212-2-11189,Alto Saxophone Solo,Harlequinade,Niehaus,,"Kendor Music, Inc.",2,
212-2-11190,Alto Saxophone Solo,Two Bourrees,Purcell,Rascher,"Bourne, Co.",2,
212-2-11191,Alto Saxophone Solo,Vocalise (Op. 34 No. 14),Rachmaninoff,Dishinger/Harle/Ramsey,"Medici Music Press;Boosey & Hawkes, Inc.",2,
212-2-11192,Alto Saxophone Solo,Pavane,Ravel,Bettoney,"Cundy-Bettoney Company, Inc.",2,
212-2-11193,Alto Saxophone Solo,Hymn to the Sun,Rimsky-Korsakov,Colby,"Rubank, Inc.",2,
212-2-11194,Alto Saxophone Solo,Chanson et Passepied,Rueff,,Alphonse Leduc,2,
212-2-11196,Alto Saxophone Solo,Aria,Handel,Snell,"Belwin, Inc [Belwin Master Solos Intermediate]",2,
212-2-11197,Alto Saxophone Solo,Romance,Still,,International Music Company,2,
212-2-11198,Alto Saxophone Solo,Andante Cantabile,Tartini,Dishinger,Medici Music Press,2,
212-2-11199,Alto Saxophone Solo,Andante and Bourree,Handel,Teal,"Hal Leonard Music, Inc. [Master Solos Intermediate Level]",2,
212-2-11160,Alto Saxophone Solo,Minuet (from Sonata Op. 49),Beethoven,Teal,Theodore Presser Company [Program Solos],2,
212-2-11177,Alto Saxophone Solo,Bourree (from Organ Concerto No. 7),Handel,Teal,Theodore Presser Company [Program Solos],2,
212-2-11187,Alto Saxophone Solo,Rondo in D,Mozart,Teal,"G. Schirmer, Inc. [Solos For The Alto Saxophone Player]",2,
212-2-11200,Alto Saxophone Solo,Enchantress,Vivier,,"Carl Fischer, Inc.",2,
212-2-11201,Alto Saxophone Solo,The Dream of Icarus,Wilson,,"Kendor Music, Inc.",2,(play all)
212-3-11203,Alto Saxophone Solo,Minuet,Bach,Rascher,"Belwin, Inc",3,
212-3-11204,Alto Saxophone Solo,Intermezzo,Bizet,Gee,"Carl Fischer, Inc.",3,
212-3-11205,Alto Saxophone Solo,Fandango,Buchtel,,Neil A. Kjos Music Company,3,
212-3-11206,Alto Saxophone Solo,The Cabalero,Burgstahler,,Pro-Art Publications,3,
212-3-11207,Alto Saxophone Solo,Chanson,Burkhardt,,Southern Music Company,3,
212-3-11208,Alto Saxophone Solo,Etude Op. 10 No.3,Chopin,Dishinger,Medici Music Press,3,
212-3-11209,Alto Saxophone Solo,Chartreuse,Cofield,,"Rubank, Inc.",3,
212-3-11210,Alto Saxophone Solo,Gigue,Corelli,,"Edition Musicus-New York, Inc.",3,
212-3-11211,Alto Saxophone Solo,Azur,Damase,,Billaudot,3,
212-3-11213,Alto Saxophone Solo,Legend for Sax,Frank,,Marks Music Corporation,3,
212-3-11214,Alto Saxophone Solo,Allegro (from Concerto Grosso Op. 3 No. 2),Geminiani,Dishinger,Medici Music Press,3,
212-3-11217,Alto Saxophone Solo,Cantilena,Handel,Buchtel,Neil A. Kjos Music Company,3,
212-3-11215,Alto Saxophone Solo,Allegro Op. 3 No. 4,Handel,Dishinger,Medici Music Press,3,
212-3-11216,Alto Saxophone Solo,Baroque Suite,Handel,Merriman,C.L. Barnhouse Company,3,(play two mvts)
212-3-11218,Alto Saxophone Solo,Ocean Beach,Harris,,Ludwig Music Publishing Company,3,
212-3-11219,Alto Saxophone Solo,Serenade,Haydn,Wienandt,Southern Music Company,3,
212-3-11220,Alto Saxophone Solo,Menuett,Kuhlau,Buchtel,Neil A. Kjos Music Company,3,
212-3-11221,Alto Saxophone Solo,Saximini,Pichaureau,,Billaudot,3,
212-3-11222,Alto Saxophone Solo,La Villageoise,Rameau,Scarmolin,Ludwig Music Publishing Company,3,
212-3-11223,Alto Saxophone Solo,The Swan,Saint-Saens,Ramsey,Medici Music Press,3,
212-3-11225,Alto Saxophone Solo,Einsame Blumen,Schumann,,Jack Spratt Music Publishers,3,
212-3-11226,Alto Saxophone Solo,Your Ring on My Finger Op. 42 No. 4,Schumann,Dishinger,Medici Music Press,3,
212-3-11227,Alto Saxophone Solo,Allerseelen Op. 10 No. 8,Strauss,Walters,"Rubank, Inc.",3,
212-3-11228,Alto Saxophone Solo,Andante,Tartini,,Medici Music Press,3,(play mvt 3)
212-3-11202,Alto Saxophone Solo,Gavotte,Bach,Teal,Theodore Presser Company [Program Solos],3,
212-3-11229,Alto Saxophone Solo,A Winter's Willow,Vaughan Williams,Dishinger,Medici Music Press,3,
212-3-11230,Alto Saxophone Solo,Hunters Chorus (from Freischutz),von Weber,Rascher,"Belwin, Inc",3,
212-1-11102,Alto Saxophone Solo,Concertino,Bilik,,RBC Publications,1,
212-2-11195,Alto Saxophone Solo,Intrada,Schudel,,Southern Music Company,2,
212-3-11212,Alto Saxophone Solo,Tango Anyone?,Edelson,,C&E Enterprises,3,
212-3-11224,Alto Saxophone Solo,An Evening Stroll,Schudel,,Southern Music Company,3,
213-1-11231,Tenor Saxophone Solo,Sonata,Anderson,,Southern Music Company,1,(play two mvts)
213-1-11232,Tenor Saxophone Solo,Gigue,Aubert,Maganini,"Edition Musicus-New York, Inc.",1,
213-1-11238,Tenor Saxophone Solo,Two Bourrees,Bach,Teal,"G. Schirmer, Inc. [Solos for the Tenor Saxophone Player]",1,
213-1-11233,Tenor Saxophone Solo,Adagio and Allegro,Bach,Davis,"Western International Music, Inc.",1,
213-1-11234,Tenor Saxophone Solo,Allegro (from Sonata No. 3 in g minor),Bach,Davis,Brightstar Music Publishers,1,
213-1-11235,Tenor Saxophone Solo,Sonata IV,Bach,Gee,Southern Music Company,1,(play three mvts)
213-1-11237,Tenor Saxophone Solo,Suite No. 1,Bach,Londeix,Lemoine Music Company,1,(play three mvts) (unaccomp)
213-1-11236,Tenor Saxophone Solo,Suite III,Bach,Londeix,Lemoine Music Company,1,(play three mvts) (unaccomp)
213-1-11239,Tenor Saxophone Solo,Flute Sonata in a minor,Bach,Wummer,International Music Company,1,(play two mvts)
213-1-11240,Tenor Saxophone Solo,Berceuse,Barat,Voxman,"Rubank, Inc.",1,
213-1-11241,Tenor Saxophone Solo,Scene and Air (from Luisa di Montfort),Bergson,,"Cundy-Bettoney Company, Inc.",1,
213-1-11242,Tenor Saxophone Solo,Improvisation et Caprice,Bozza,,Alphonse Leduc,1,(unaccomp)
213-1-11243,Tenor Saxophone Solo,Piece Breve,Bozza,,Alphonse Leduc,1,(unaccomp)
213-1-11244,Tenor Saxophone Solo,Sonata for Soprano,Caravan,,Ethos,1,(tenor sax) (play two mvts)
213-1-11245,Tenor Saxophone Solo,Suite in Bb,Corelli,Maganini,"Edition Musicus-New York, Inc.",1,(play five mvts)
213-1-11246,Tenor Saxophone Solo,Syrinx,Debussy,,Jobert,1,(unaccomp)(adjudicator will be viewing an alto sax score)
213-1-11247,Tenor Saxophone Solo,Adagio and Rondo,Devienne,Jaeckel,Southern Music Company,1,
213-1-11248,Tenor Saxophone Solo,Sonata,Di Pasquale,,Southern Music Company,1,(play two mvts) NMR:(play two mvts)
213-1-11249,Tenor Saxophone Solo,Aria and Rondo,Fiocco,Frackenpohl,"Kendor Music, Inc.",1,(play all)
213-1-11250,Tenor Saxophone Solo,Sonata IV,Galliard,Rascher,McGinnis & Marx,1,
213-1-11251,Tenor Saxophone Solo,Pastoral and Bouree,German,Voxman,"Rubank, Inc.",1,
213-1-11252,Tenor Saxophone Solo,First Concertino,Guilhaud,Voxman,"Rubank, Inc.",1,
213-1-11255,Tenor Saxophone Solo,Sonata No. 5,Handel,Ephross,Southern Music Company,1,(play all)
213-1-11253,Tenor Saxophone Solo,Adagio and Allegro,Handel,Gee,Southern Music Company,1,
213-1-11254,Tenor Saxophone Solo,Sonata,Handel,Kaplan,Jack Spratt Music Publishers,1,
213-1-11256,Tenor Saxophone Solo,Poem,Hartley,,Tenuto Publications,1,
213-1-11257,Tenor Saxophone Solo,Sonata,Hartley,,Dorn Publishing Co.,1,(play two mvts)
213-1-11258,Tenor Saxophone Solo,Adagio and Allegro,Loeillet,Voxman,Southern Music Company,1,
213-1-11259,Tenor Saxophone Solo,Sonata Op. 4 No. 11 in f minor,Loeillet,Pittel,Southern Music Company,1,(play two contrasting mvts)
213-1-11260,Tenor Saxophone Solo,Concerto in c minor,Marcello,Pittel,Southern Music Company,1,(play two contrasting mvts)
213-1-11261,Tenor Saxophone Solo,Romanze and Menuetto,Mozart,Merriman,C.L. Barnhouse Company,1,
213-1-11262,Tenor Saxophone Solo,Contest Caprice,Ostransky,,"Rubank, Inc.",1,
213-2-11263,Tenor Saxophone Solo,Canon in D,Pachelbel,Ramsay,Medici Music Press,2,
213-1-11264,Tenor Saxophone Solo,Concert Solo,Paladilhe,Voxman,Southern Music Company,1,
213-2-11265,Tenor Saxophone Solo,Vocalise Op. 34 No. 14,Rachmaninoff,Pittel,Southern Music Company,2,
213-1-11266,Tenor Saxophone Solo,Allegro Appassionata,Saint-Saens,Teal,"G. Schirmer, Inc. [Solos for the Tenor Saxophone Player]",1,
213-1-11267,Tenor Saxophone Solo,Sonatina,Schmidt,,Avant Music Company,1,
213-1-11268,Tenor Saxophone Solo,Allegro Spiritoso,Senaille,Ephross,Southern Music Company,1,
213-1-11270,Tenor Saxophone Solo,Solo de Concert,Singelee,Voxman,"Rubank, Inc.",1,
213-1-11269,Tenor Saxophone Solo,Adagio et Rondo Op. 63,Singelee,Ronkin,Roncorp Inc.,1,
213-2-11271,Tenor Saxophone Solo,Adagio,Spohr,Gee,Southern Music Company,2,
213-1-11272,Tenor Saxophone Solo,Sonata,Stein,,Southern Music Company,1,(play two mvts)
213-1-11273,Tenor Saxophone Solo,Sonata in c minor,Telemann,Voxman,"Rubank, Inc.",1,(play three mvts) NMR:(play three mvts)
213-1-11274,Tenor Saxophone Solo,Sonata in g minor,Vivaldi,,McGinnis & Marx,1,(play two mvts)
213-1-11275,Tenor Saxophone Solo,Concerto,Wilder,,"Margun Music, Inc.",1,(play two mvts)
213-1-11276,Tenor Saxophone Solo,Intermezzo for Soprano or Tenor Saxophone and Piano,Yoshioka,,Southern Music Company,1,(play all) NMR:(play all)
213-2-11280,Tenor Saxophone Solo,Bourree (from Third Cello Suite),Bach,Dishinger,Medici Music Press,2,
213-2-11279,Tenor Saxophone Solo,Arioso (from Cantata No. 156),Bach,Kent,"Carl Fischer, Inc.",2,
213-2-11278,Tenor Saxophone Solo,Air on a G String,Bach,Ramsey,Medici Music Press,2,
213-2-11281,Tenor Saxophone Solo,Gavotte and Bourree,Bach,Rascher,"Belwin, Inc",2,
213-2-11277,Tenor Saxophone Solo,Adagio (from the Viola da gamba Sonata No. 3),Bach,Davis,"Western International Music, Inc.",2,
213-2-11282,Tenor Saxophone Solo,Adagio,Baerman,Hite,Southern Music Company,2,
213-2-11283,Tenor Saxophone Solo,Three Canzonettas of the 17th Century,Caldara,Felix,"Edition Musicus-New York, Inc.",2,(play two)
213-2-11284,Tenor Saxophone Solo,Suite in Bb,Corelli,Maganini,"Edition Musicus-New York, Inc.",2,(play two contrasting mvts)
213-2-11285,Tenor Saxophone Solo,Air de Diable,Couperin,Clark,"Edition Musicus-New York, Inc.",2,
213-2-11287,Tenor Saxophone Solo,Pavane Op. 50,Faure,Ramsey,Medici Music Press,2,
213-2-11288,Tenor Saxophone Solo,Sicilienne Op. 78,Faure,Davis,"Western International Music, Inc.",2,
213-2-11289,Tenor Saxophone Solo,Sonata No. 5,Handel,Ephross,Southern Music Company,2,(play two contrasting mvts)
213-2-11290,Tenor Saxophone Solo,Three Dances and an Air,Handel,Maganini,"Edition Musicus-New York, Inc.",2,(play two mvts)
213-2-11291,Tenor Saxophone Solo,Andante (from Concerto),Haydn,,Jack Spratt Music Publishers,2,
213-2-11292,Tenor Saxophone Solo,Waltz Moods,Johnson,,"Rubank, Inc.",2,
213-2-11293,Tenor Saxophone Solo,Reminiscence,Koepke,,"Rubank, Inc.",2,
213-2-11294,Tenor Saxophone Solo,Chanson Modale,Lacour,,Billaudot,2,
213-2-11295,Tenor Saxophone Solo,Adagio and Giga,Loeillet,Merriman,C.L. Barnhouse Company,2,
213-2-11296,Tenor Saxophone Solo,Largo and Allegro,Mauk,,"Medici Music Press [Medici Masterworks, Vol II]",2,
213-2-11297,Tenor Saxophone Solo,Siciliano and Allegro,Mauk,,"Medici Music Press [Medici Masterworks, Vol II]",2,
213-2-11298,Tenor Saxophone Solo,Song Without Words,Mauk,,"Medici Music Press [Medici Masterworks, Vol II]",2,
213-2-11299,Tenor Saxophone Solo,Rhapsodie,Monroe,,"Belwin, Inc",2,
213-2-11300,Tenor Saxophone Solo,Adagio,Mozart,Mule,Alphonse Leduc,2,
213-2-11301,Tenor Saxophone Solo,Adagio and Minuetto,Mozart,Voxman,"Rubank, Inc.",2,
213-2-11302,Tenor Saxophone Solo,Ballet Impressions,Ostransky,,"Rubank, Inc.",2,
213-2-11303,Tenor Saxophone Solo,Night Piece,Ostransky,,"Rubank, Inc.",2,
213-2-11304,Tenor Saxophone Solo,Crepuscule,Pares,Judy,"Rubank, Inc.",2,
213-2-11305,Tenor Saxophone Solo,Sinfonia,Porpora,Rascher,McGinnis & Marx,2,(play two mvts)
213-2-11306,Tenor Saxophone Solo,Romance and Troika (from Lieutenant Kije Suite),Prokofieff,Hummell,"Rubank, Inc.",2,
213-2-11307,Tenor Saxophone Solo,Vocalise Op. 34,Rachmaninoff,Ramsey,Medici Music Press,2,
213-2-11308,Tenor Saxophone Solo,Minuet (from Plattee),Rameau,Rascher,"Belwin, Inc",2,
213-2-11309,Tenor Saxophone Solo,Seven Solos for Tenor Saxophone,Ramsay,,Shawnee Press,2,"(play 1, 2, 4 or 7)"
213-2-11310,Tenor Saxophone Solo,The Swan,Saint-Saens,,"Western International Music, Inc.",2,
213-2-11311,Tenor Saxophone Solo,Andante Cantabile,Tartini,Dishinger,Medici Music Press,2,
213-2-11312,Tenor Saxophone Solo,Larghetto,Tartini,Reff,Henri Elkan,2,
213-2-11313,Tenor Saxophone Solo,Sarabande,Debussy,Teal,"G. Schirmer, Inc. [Solos for the Tenor Saxophone Player]",2,(also pub separately)
213-2-11314,Tenor Saxophone Solo,Arie (from Pimpinone),Telemann,Barnes,Jack Spratt Music Publishers,2,
213-3-11315,Tenor Saxophone Solo,May Song Op. 52 No. 4,Beethoven,Dishinger,Medici Music Press,3,
213-3-11316,Tenor Saxophone Solo,Novelette,Buchtel,,Neil A. Kjos Music Company,3,
213-3-11317,Tenor Saxophone Solo,Etude (from 27 Etudes Op. 10 No. 3),Chopin,Dishinger,Medici Music Press,3,
213-3-11318,Tenor Saxophone Solo,Ayre,Clarke,Dishinger,"Medici Music Press [Medici Masterworks, Vol. I]",3,
213-3-11319,Tenor Saxophone Solo,Romance Melody,Glinka,Shuman,Jack Spratt Music Publishers,3,
213-3-11320,Tenor Saxophone Solo,March of a Marionette,Gounod,Walters,"Rubank, Inc.",3,
213-3-11321,Tenor Saxophone Solo,Allegro (from Concerto Grosso Op. 3 No. 4),Handel,Dishinger,Medici Music Press,3,
213-3-11322,Tenor Saxophone Solo,Menuett,Kuhlau,Buchtel,Neil A. Kjos Music Company,3,
213-3-11323,Tenor Saxophone Solo,Minuet and Trio,Mauk,,"Medici Music Press [Medici Masterworks, Vol. II]",3,
213-3-11324,Tenor Saxophone Solo,Sad Little Song,Mauk,,"Medici Music Press [Medici Masterworks, Vol. II]",3,
213-3-11325,Tenor Saxophone Solo,Presto (from Divertimento No. 12),Mozart,Dishinger,Medici Music Press,3,
213-3-11326,Tenor Saxophone Solo,Rondo (from Divertimento No. 11),Mozart,Dishinger,Medici Music Press,3,
213-3-11327,Tenor Saxophone Solo,Aria,Neukomm,Kaplan,Jack Spratt Music Publishers,3,
213-3-11328,Tenor Saxophone Solo,Portrait,Pelz,,"Belwin, Inc [Classic Festival Solos, Vol. I]",3,
213-3-11329,Tenor Saxophone Solo,Piece in g minor,Pieme,Gee,Southern Music Company,3,
213-3-11330,Tenor Saxophone Solo,Dance Suite,Purcell,,"Edition Musicus-New York, Inc.",3,(play one mvt)
213-3-11331,Tenor Saxophone Solo,Gavotte and Hornpipe,Purcell,Dishinger,Medici Music Press,3,
213-3-11332,Tenor Saxophone Solo,"Rigaudon (from Pieces de Clavecin, 1724)",Rameau,Dishinger,Medici Music Press,3,
213-3-11335,Tenor Saxophone Solo,The Swan,Saint-Saens,Dishinger,Medici Music Press,3,
213-3-11334,Tenor Saxophone Solo,Romance Op.36,Saint-Saens,Smim,"Edition Musicus-New York, Inc.",3,
213-3-11333,Tenor Saxophone Solo,Amour Viens Aider,Saint-Saens,Whear,Ludwig Music Publishing Company,3,
213-3-11336,Tenor Saxophone Solo,Andante (from Rosamunde),Schubert,Rascher,"Belwin, Inc",3,
213-3-11337,Tenor Saxophone Solo,Einsame Blumen,Schumann,,Jack Spratt Music Publishers,3,
213-3-11338,Tenor Saxophone Solo,Your Ring on My Finger Op. 42 No. 4,Schumann,Dishinger,Medici Music Press,3,
213-3-11339,Tenor Saxophone Solo,The Friend,Solomon,,Southern Music Company,3,
213-3-11340,Tenor Saxophone Solo,Allerseelen,Strauss,Walters,"Rubank, Inc.",3,
213-3-11341,Tenor Saxophone Solo,A Winter's Willow,Vaughan Williams,Dishinger,Medici Music Press,3,
213-3-11342,Tenor Saxophone Solo,Chorale Fantasy,Warren,,Ludwig Music Publishing Company,3,
214-1-11347,Baritone Saxophone Solo,Sonata,Anderson,,Southern Music Company,1,(play two mvts)
214-1-11348,Baritone Saxophone Solo,Variations on Carnival of Venice,Arban,Schmidt/Davis,"Western International Music, Inc.",1,
214-1-11350,Baritone Saxophone Solo,Gavottes,Bach,Mule,Alphonse Leduc,1,(alto sax)
214-1-11353,Baritone Saxophone Solo,Sonata,Caravan,,Ethos,1,(play two mvts)
214-1-11354,Baritone Saxophone Solo,Suite,Corelli,Dishinger,Medici Music Press,1,
214-1-11355,Baritone Saxophone Solo,Variations on a Theme of Robert Schumann,Davis,,Southern Music Company,1,
214-1-11356,Baritone Saxophone Solo,Canzona,Frangkiser,,"Belwin, Inc",1,
214-1-11357,Baritone Saxophone Solo,Romance,Giovannini,,Southern Music Company,1,
214-1-11358,Baritone Saxophone Solo,Sicilienne et Gigue,Handel,Mule,Alphonse Leduc,1,(alto sax)
214-1-11359,Baritone Saxophone Solo,Little Suite for Baritone Saxophone,Hartley,,Dorn Publishing Co.,1,
214-1-11360,Baritone Saxophone Solo,Sonata for Baritone Saxophone,Hartley,,Dorn Publishing Co.,1,
214-1-11361,Baritone Saxophone Solo,Aria,Ibert,,Alphonse Leduc,1,
214-1-11362,Baritone Saxophone Solo,Recitative and Rondino,Koepke,,"Rubank, Inc.",1,
214-1-11363,Baritone Saxophone Solo,"Undercurrent, Theme and Variations",Long,,"Rubank, Inc.",1,
214-1-11364,Baritone Saxophone Solo,Andante and Allegro (from Sonata in G),Marcello,Voxman,"Rubank, Inc.",1,
214-1-11365,Baritone Saxophone Solo,Concerto in Bb K. 191,Mozart,,"Edition Musicus-New York, Inc.",1,(play one mvt)
214-1-11367,Baritone Saxophone Solo,Sonata for Baritone Saxophone and Piano,Schmidt,,"Western International Music, Inc.;Avant Music Company",1,(play all) NMR:(play all)
214-1-11368,Baritone Saxophone Solo,Allegro Moderato (from the Arpeggione Son),Schubert,Davis,"Western International Music, Inc.",1,
214-1-11369,Baritone Saxophone Solo,Three Pieces (from Album for the Young),Schumann,Davis,"Western International Music, Inc.",1,(play all)
214-1-11370,Baritone Saxophone Solo,Septieme Solo de Concert,Singelee,Ronkin,Roncorp Inc.,1,
214-2-11372,Baritone Saxophone Solo,"Fugue XXI (from The Well-Tempered Clavier, Book II)",Bach,Davis,"Western International Music, Inc.",2,
214-2-11371,Baritone Saxophone Solo,Air on a G String,Bach,Ramsey,Medici Music Press,2,
214-2-11373,Baritone Saxophone Solo,Rondo (from Sonata in F Major Op. 17),Beethoven,,"Edition Musicus-New York, Inc.",2,(alto sax)
214-2-11374,Baritone Saxophone Solo,Prelude No. 6,Chopin,Davis,"Western International Music, Inc.",2,
214-2-11375,Baritone Saxophone Solo,Chartreuse,Cofield,,"Rubank, Inc.",2,(alto sax)
214-2-11376,Baritone Saxophone Solo,Gigue,Corelli,Maganini,"Edition Musicus-New York, Inc.",2,(alto sax)
214-2-11377,Baritone Saxophone Solo,Sarabande and Gigue,Corelli,Voxman,"Rubank, Inc.",2,
214-2-11378,Baritone Saxophone Solo,Pavane Op. 50,Faure,Ramsey,Medici Music Press,2,
214-2-11379,Baritone Saxophone Solo,Russian Sailor's Dance,Gliere,Hurrell,"Rubank, Inc.",2,
214-2-11380,Baritone Saxophone Solo,Tambourin (from Iphigenia in Aulis),Gluck,Rascher,"Belwin, Inc",2,(alto sax)
214-2-11381,Baritone Saxophone Solo,Tambourin,Gossec,Ramsey,Medici Music Press,2,
214-2-11382,Baritone Saxophone Solo,Hornpipe,Handel,Rascher,"Belwin, Inc",2,
214-2-11383,Baritone Saxophone Solo,Scene Forestal,Johnson,,"Rubank, Inc.",2,
214-2-11384,Baritone Saxophone Solo,Allegretto,Mozart,Dishinger,Medici Music Press,2,
214-2-11385,Baritone Saxophone Solo,Contest Etude No. 1,Ostransky,,"Rubank, Inc.",2,
214-2-11386,Baritone Saxophone Solo,Variations on a Theme by Schumann,Ostransky,,"Rubank, Inc.",2,
214-2-11387,Baritone Saxophone Solo,Crepuscule,Pares,Judy,"Rubank, Inc.",2,
214-2-11388,Baritone Saxophone Solo,La Villageoise,Rameau,Scarmolin,Ludwig Music Publishing Company,2,(alto sax)
214-2-11389,Baritone Saxophone Solo,Rondoletto,Schmidt,,"Western International Music, Inc.",2,
214-2-11390,Baritone Saxophone Solo,Three Pieces (from Album for the Young),Schumann,Davis,"Western International Music, Inc.",2,(play mvts 1 & 2 or 2 & 3)
214-2-11391,Baritone Saxophone Solo,Impromptu,Tchaikovsky,Seay,Jack Spratt Music Publishers,2,(Eb sax)
214-3-11392,Baritone Saxophone Solo,Menuet in G,Bach,Dishinger,Medici Music Press,3,
214-3-11393,Baritone Saxophone Solo,Musette (from Anna Magdalena Notebook),Bach,Dishinger,Medici Music Press,3,
214-3-11394,Baritone Saxophone Solo,Gavotte (from Symphony No. 4),Boyce,Vedeski,Medici Music Press,3,
214-3-11395,Baritone Saxophone Solo,Etude Op. 10 No. 3,Chopin,Dishinger,Medici Music Press,3,
214-3-11396,Baritone Saxophone Solo,Walzer,Grieg,Rascher,"Belwin, Inc",3,
214-3-11397,Baritone Saxophone Solo,Allegro (from Concerto Grosso Op. 3 No. 4),Handel,Dishinger,Medici Music Press,3,
214-3-11398,Baritone Saxophone Solo,Gavotte in Rondeau,Lully,Post,Medici Music Press,3,
214-3-11399,Baritone Saxophone Solo,Reverie Op. 85 No. 1,Mendelssohn,Dishinger,Medici Music Press,3,
214-3-11400,Baritone Saxophone Solo,Aria (from The Magic Flute),Mozart,Rascher,"Belwin, Inc [Classic Festival Solos Book 2]",3,
214-3-11401,Baritone Saxophone Solo,Menuetto (from Divertimento No. 1),Mozart,Voxman,"Rubank, Inc.",3,
214-3-11402,Baritone Saxophone Solo,Waltz (from La Perichole),Offenbach,Buchtel,Neil A. Kjos Music Company,3,(alto sax)
214-3-11403,Baritone Saxophone Solo,Gavotte and Hornpipe,Purcell,Dishinger,Medici Music Press,3,
214-3-11404,Baritone Saxophone Solo,Saraband,Purcell,Kaplan,Jack Spratt Music Publishers,3,(alto sax)
214-3-11405,Baritone Saxophone Solo,Barcarolle and Scherzetto,Siennicki,,Ludwig Music Publishing Company,3,
214-3-11406,Baritone Saxophone Solo,Allegretto Waltz,Solomon,,Southern Music Company,3,
214-3-11407,Baritone Saxophone Solo,Rain,Vivaldi,,"Edition Musicus-New York, Inc.",3,(alto sax)
214-3-11408,Baritone Saxophone Solo,Forty Fathoms,Walters,,"Rubank, Inc.",3,
214-3-11346,Baritone Saxophone Solo,Rondeau (from The Fairie Queen),Purcell,Hunt/Rascher,"Belwin, Inc",3,
212-2-23347,Alto Saxophone Solo,Berceuse,Kjerulf,Snell,"Belwin, Inc [Belwin Master Solos Intermediate]",2,
212-2-23348,Alto Saxophone Solo,Concert Fantasie,Snell,,"Belwin, Inc [Belwin Master Solos Intermediate]",2,
212-2-23349,Alto Saxophone Solo,The Cuckoo,Anon. or Trad.,Snell,"Belwin, Inc [Belwin Master Solos Intermediate]",2,
212-2-23350,Alto Saxophone Solo,Fanfare and March,Telemann,Snell,"Belwin, Inc [Belwin Master Solos Intermediate]",2,
212-2-23351,Alto Saxophone Solo,Honor and Arms,Handel,Haydn,"Belwin, Inc [Belwin Master Solos Intermediate]",2,
212-2-23352,Alto Saxophone Solo,Nocturn,Tyndall,Snell,"Belwin, Inc [Belwin Master Solos Intermediate]",2,
212-2-23353,Alto Saxophone Solo,Polka Militaire,Nolan,Snell,"Belwin, Inc [Belwin Master Solos Intermediate]",2,
213-3-23354,Tenor Saxophone Solo,The St. Catherine Rigaudon,Barrett,Dishinger,"Medici Music Press [Medici Masterworks, Vol. I]",3,
213-3-23355,Tenor Saxophone Solo,Tambourin (from Pieces de Clavecin),Rameau,Dishinger,"Medici Music Press [Medici Masterworks, Vol. I]",3,
213-3-23356,Tenor Saxophone Solo,Courante,Lully,Dishinger,"Medici Music Press [Medici Masterworks, Vol. I]",3,
213-3-23357,Tenor Saxophone Solo,Gavotte (from Sonata No. 7),Handel,Dishinger,"Medici Music Press [Medici Masterworks, Vol. I]",3,
213-3-23358,Tenor Saxophone Solo,La Voltigeuse (from Three Small Pieces for Piano),Marpurg,Dishinger,"Medici Music Press [Medici Masterworks, Vol. I]",3,
212-2-23359,Alto Saxophone Solo,Adagio and Allegro,Frederick,Teal,"Hal Leonard Music, Inc. [Master Solos Intermediate Level]",2,
212-2-23360,Alto Saxophone Solo,Adagio and Giga,Corelli,Teal,"Hal Leonard Music, Inc. [Master Solos Intermediate Level]",2,
212-2-23361,Alto Saxophone Solo,Theme and Elaborations,Zajak,Teal,"Hal Leonard Music, Inc. [Master Solos Intermediate Level]",2,
212-2-23362,Alto Saxophone Solo,Allegro,Mozart,Teal,"Hal Leonard Music, Inc. [Master Solos Intermediate Level]",2,
212-2-23363,Alto Saxophone Solo,Allegro Scherzoso,Cui,Teal,"Hal Leonard Music, Inc. [Master Solos Intermediate Level]",2,
212-2-23364,Alto Saxophone Solo,Passepied,Debussy,Teal,"Hal Leonard Music, Inc. [Master Solos Intermediate Level]",2,
212-2-23365,Alto Saxophone Solo,Espejos,Kynaston,Teal,"Hal Leonard Music, Inc. [Master Solos Intermediate Level]",2,
212-2-26406,Alto Saxophone Solo,"Festival Performance Solos, Vol. 1",Bizet,Gee,"Carl Fischer, Inc.",2,(play Inermezzo)
212-2-26407,Alto Saxophone Solo,Clair de Lune,Debussy,Ramsey,Medici Music Press,2,
212-3-26408,Alto Saxophone Solo,Apres un Reve,Faure,Davis,"Western International Music, Inc.",3,
212-2-26409,Alto Saxophone Solo,"Festival Performance Solos, Vol. 2",Faure,,"Carl Fischer, Inc.",2,(play Sicilienne)
212-2-26410,Alto Saxophone Solo,Seaside Images,Niehaus,,"Kendor Music, Inc.",2,
212-2-26411,Alto Saxophone Solo,"Festival Performance Solos, Vol. 2",Rimsky-Korsakov,Bettoney,"Carl Fischer, Inc.",2,(play Flight of the Bumble Bee)
212-3-26413,Alto Saxophone Solo,"Festival Performance Solos, Vol. 1",Satie,,"Carl Fischer, Inc.",3,(play Gymnopedie #2)
212-1-26414,Alto Saxophone Solo,Fantasie sur des Motifs du Freischutz,Savari,Ronkin,Roncorp Inc.,1,
213-2-26416,Tenor Saxophone Solo,Gavotte,Lemoine,Brom,"Kendor Music, Inc.",2,
213-2-26417,Tenor Saxophone Solo,Romance,Niehaus,,RBC Publications,2,
213-1-26418,Tenor Saxophone Solo,Sixieme Solo de Concert,Singelee,Ronkin,Roncorp Inc.,1,
213-1-26419,Tenor Saxophone Solo,Concerto in G Major,Telemann,Dishinger,Medici Music Press,1,(play mvts 1& 2 or 3 & 4)
214-1-26420,Baritone Saxophone Solo,Sonata in F Major,Handel,Ramsey,Medici Music Press,1,(play 1 & 2)
214-2-26421,Baritone Saxophone Solo,Sonata in F Major,Handel,Dishinger,Medici Music Press,2,(play mvts 1 or 4)
214-1-26422,Baritone Saxophone Solo,Piece en Forme de Habanera,Ravel,Ramsey,Medici Music Press,1,
212-1-29687,Alto Saxophone Solo,Serenade,Bencriscutto,,Shawnee Press,1,(play all)
212-1-29688,Alto Saxophone Solo,Sonata,Bourrel,,Billaudot,1,(play two mvts)
212-1-29689,Alto Saxophone Solo,Sonatina,Delden,,Donemus,1,(play all)
212-1-29690,Alto Saxophone Solo,Concertstuck,Dubois,,Alphonse Leduc,1,(play one mvt)
212-1-29691,Alto Saxophone Solo,Sonata,Eychenne,,Billaudot,1,(play two mvts)
212-1-29692,Alto Saxophone Solo,Fantasia Concertante,Heiden,,"MMB Music, Inc.",1,(play all)
212-1-29693,Alto Saxophone Solo,Solo (1969),Heiden,,Associated Music Publishers Inc.,1,(play all)
212-1-29694,Alto Saxophone Solo,"Suite, Op. 39",Kabelac,,Tonger,1,(play two fast mvts AND one slow)
212-1-29695,Alto Saxophone Solo,Meditation,Kaufmann,,"MMB Music, Inc.",1,(play all)
212-1-29696,Alto Saxophone Solo,Concerto,Muczynski,,Presser,1,(play mvt 1 or mvt 3)
212-1-29697,Alto Saxophone Solo,Quattro-Liriche,Orrego-Salas,,Peer/Southern Organization,1,(play two contrasting mvts)
212-1-29698,Alto Saxophone Solo,Parable,Persichetti,,"Elkan-Vogel Company, Inc.",1,(play all)
212-1-29699,Alto Saxophone Solo,Ballade,Reed,,Southern Music Company,1,(play all)
212-1-29700,Alto Saxophone Solo,Concertino,Rueff,,Alphonse Leduc,1,(play two contrasting mvts)
212-1-29701,Alto Saxophone Solo,Lamento et Rondo,Sancan,,Durand,1,(play all)
212-1-29703,Alto Saxophone Solo,Two Fantastics,Takacs,,Ludwig Doblinger,1,(play one mvt)
212-1-29704,Alto Saxophone Solo,Ballade,Tomasi,,Alphonse Leduc,1,(perform beginning to rehearsal number 30)
213-1-29705,Tenor Saxophone Solo,Fantasy,Bedard,,Billaudot,1,(play all)
213-1-29706,Tenor Saxophone Solo,Trigon,Cunningham,,"MMB Music, Inc.;Etoile Music Inc.",1,(play two contrasting mvts)
213-1-29707,Tenor Saxophone Solo,Chant Premier,Mihalovici,,"Carl Fischer, Inc.",1,
211-2-30524,Soprano Saxophone Solo,Sultana,Mackey,,Osti Music,2,
212-1-30525,Alto Saxophone Solo,Suite No. 1 for Unaccompanied Cello in G Major,Bach,Kynaston,Advance Music,1,(unaccomp) (play three mvts - Minuet I & II count as one mvt)
212-1-30527,Alto Saxophone Solo,A Gershwin Fantasy,Gershwin,Martino,"Alfred Music Company, Inc.",1,
212-1-30529,Alto Saxophone Solo,"Concerto ""Radiant Blues""",Booker,,Booker Music Publications,1,(Play one mvt)
212-1-30530,Alto Saxophone Solo,Elegie and Rondeau,Husa,,Alphonse Leduc,1,
212-1-30531,Alto Saxophone Solo,Picnic on the Marne,Rorem,,"Boosey & Hawkes, Inc.",1,"(play two mvts; choose from mvt 1, 2, & 3)"
212-1-30532,Alto Saxophone Solo,Escapades,Williams,,Cherry Lane Music,1,(play one mvt)
212-2-30533,Alto Saxophone Solo,"Cinquieme Solo De Concert, Op. 91",Singelee,,Roncorp Inc.,2,
212-3-30534,Alto Saxophone Solo,Tuscan Serenade,Faure,Bricault,BRS Music,3,
213-1-30535,Tenor Saxophone Solo,Suite No. 1 for Unaccompanied Cello in G Major,Bach,Kynaston,Advance Music,1,(unaccomp)(play four mvts)
213-1-30536,Tenor Saxophone Solo,Concerto in Eb,Mozart,Watkins,Roncorp Inc.,1,
213-1-30538,Tenor Saxophone Solo,Concerto in g minor,Bennett,,"Carl Fischer, Inc.",1,
213-2-30539,Tenor Saxophone Solo,Two Scottish Songs,Conelle,,PEL Music Publication,2,(play both)
213-2-30541,Tenor Saxophone Solo,"Lament, Op. 85, No. 6",Dvorak,Teal,"G. Schirmer, Inc. [Solos for the Tenor Saxophone Player]",2,
211-1-32336,Soprano Saxophone Solo,Fantaisie,Bedard,,Gerard Billaudot Edition,1,
214-2-30543,Baritone Saxophone Solo,"Cinquieme Solo De Concert, Op. 91",Singelee,,Roncorp Inc.,2,
211-1-30544,Soprano Saxophone Solo,"Fantasie, Op. 50",Singelee,,Edition Lemoine,1,
214-1-30545,Baritone Saxophone Solo,"Sonata Op. 1, No. 6",Marcello,Smith,BRS Music,1,
212-1-30546,Alto Saxophone Solo,"Sonata Op. 1, No. 6",Marcello,Smith,BRS Music,1,
213-1-30547,Tenor Saxophone Solo,"Fantasie, Op. 50",Singelee,,Edition Lemoine,1,
212-3-30582,Alto Saxophone Solo,Kendor Recital Solos,Various,,"Kendor Music, Inc.",3,(play one)
213-3-30583,Tenor Saxophone Solo,Kendor Recital Solos,Various,,"Kendor Music, Inc. [Kendor Recital Solos]",3,(play one)
211-2-32338,Soprano Saxophone Solo,Sonata,Cohen,,Steve Cohen Music,2,(play one mvt) (skip piano intro)
211-2-32339,Soprano Saxophone Solo,Adagio and Allegro,Handel,Gee,Southern Music Company,2,
211-1-32340,Soprano Saxophone Solo,Concerto,Higdon,,Lawdon Press,1,(play beginning to m. 228)
211-1-32341,Soprano Saxophone Solo,Concerto,Mackey,Ames,Osti Music,1,(play two contrasting mvts) NMR:(play two contrasting mvts)
211-1-32342,Soprano Saxophone Solo,Sonata for Soprano Saxophone (Alpine Op. 37),Lunde,,To The Fore Publishers,1,(play two contrasting mvts)
211-1-32343,Soprano Saxophone Solo,Sonata in G Major,Platti,Rousseau,Etoile Music Inc.,1,(play three contrasting mvts)
211-2-32344,Soprano Saxophone Solo,Piece en Forme de Habanera,Ravel,Viard,Masters Music Publications,2,
211-1-32345,Soprano Saxophone Solo,Lessons of the Sky,Rogers,,Emerson Editions,1,
211-1-32346,Soprano Saxophone Solo,Sonatina,Schmidt,,"Western International Music, Inc.",1,
211-1-32347,Soprano Saxophone Solo,Twelve Fantasies,Telemann,Formeau,Gerard Billaudot Edition,1,(play two Fantasies)
212-1-32348,Alto Saxophone Solo,Fantaisie Brillante Sur Des Airs de Carmen,Borne,Oxford,Dorn Publishing Co.,1,
212-1-32349,Alto Saxophone Solo,Sonata,Caravan,,"Ethos Publications, Inc.",1,(play mvt 1 or play mvts 2 & 3)
212-1-32350,Alto Saxophone Solo,Concerto,Dahl,,Schott Company,1,(play mvts 1 & 2 or play mvt 3) NMR:(play mvt. 1 plus mvt. 2 or 3)
212-1-32351,Alto Saxophone Solo,Sonata,Decruck,,Gerard Billaudot Edition,1,(play two contrasting mvts)
212-1-32352,Alto Saxophone Solo,Fantaisie sur un Theme Original,Demersseman,,Musik Hug Zurich,1,
212-1-32354,Alto Saxophone Solo,Recuerdos de Espana,Ferran,,"Hal Leonard Music, Inc.",1,(play two mvts)
212-1-32355,Alto Saxophone Solo,Brillance,Gotkovsky,,Gerard Billaudot Edition,1,(play mvts 1 & 2 or play mvts 3 & 4) NMR:(play mvts 1 & 2 or play mvts 3 & 4)
212-1-32356,Alto Saxophone Solo,Sonata,Greenbaum,,Reed Music,1,(play one mvt)
212-1-32377,Alto Saxophone Solo,Concerto,Young,,Southern Music Company,1,(play two mvts)
212-1-32358,Alto Saxophone Solo,Twenty-Five Caprices und Atonal Sonate,Karg-Elert,,Southern Music Company,1,(unaccomp)(play two)
212-1-32359,Alto Saxophone Solo,Sonata,Maslanka,,Maslanka Press,1,(play one mvt)
212-1-32360,Alto Saxophone Solo,Crazy Rag,Matitia,,Lemoine Music Company,1,
212-1-32361,Alto Saxophone Solo,Fusion Suite,McMichael,,C. Alan Publications,1,(play two mvts)
212-1-32362,Alto Saxophone Solo,Improvisation 1,Noda,,Alphonse Leduc,1,(unaccomp)
212-1-32363,Alto Saxophone Solo,Improvisation 2,Noda,,Alphonse Leduc,1,(unaccomp)
212-1-32364,Alto Saxophone Solo,Improvisation 3,Noda,,Alphonse Leduc,1,(unaccomp)
212-1-32365,Alto Saxophone Solo,Moto Perpetuo,Paganini,Simonson,Dorn Publishing Co.,1,
212-1-32366,Alto Saxophone Solo,Light of Sothis,Quate,,Alphonse Leduc,1,(play mvts 2 & 3)
212-1-32367,Alto Saxophone Solo,Klonos,Swerts,,Zodiac Editions Music,1,(play all)
212-1-32368,Alto Saxophone Solo,Fuzzy Bird Sonata,Yoshimatsu,,Gerard Billaudot Edition,1,(play one mvt)
213-1-32382,Tenor Saxophone Solo,Iberian Sketches,Martino,,Dorn Publishing Co.,1,(play all)
213-1-32381,Tenor Saxophone Solo,Sonata,Frackenpohl,,Dorn Publishing Co.,1,(play two mvts)
212-1-32371,Alto Saxophone Solo,Premiere Solo: Andante et Allegretto,Demersseman,Wehage,Musik Fabrik Music Publishing,1,
213-1-32380,Tenor Saxophone Solo,Pitt County Excursions,Duckworth,,Seesaw Music Corp.,1,(play two mvts)
213-1-32379,Tenor Saxophone Solo,Premiere Solo: Andante et Bolero,Demersseman,Wehage,Musik Fabrik Music Publishing,1,
213-1-32378,Tenor Saxophone Solo,Concerto,Bennet,,"Hal Leonard Music, Inc.",1,(play two mvts)
212-1-32376,Alto Saxophone Solo,Concerto,Gurewich,,"Rubank, Inc.",1,(play mvt 1 OR 3)
213-1-32383,Tenor Saxophone Solo,The Upward Stream,Peck,,Pecktakular Music,1,(play two mvts)
213-1-32384,Tenor Saxophone Solo,Concerto,Ward,,Highgate Press,1,(play both mvts)
213-1-32385,Tenor Saxophone Solo,Fantasia,Villa-Lobos,,Peer/Southern Organization,1,(play two mvts)
214-1-32386,Baritone Saxophone Solo,Suite No. 1 for Unaccompanied Cello,Bach,Kasprzyk,Southern Music Company,1,(unaccomp)(play any 4 mvts)
214-1-32387,Baritone Saxophone Solo,Suite No. 3 for Unaccompanied Cello,Bach,Kasprzyk,Southern Music Company,1,(unaccomp)(play any 4 mvts)
214-1-32388,Baritone Saxophone Solo,Suite No. 4 for Unaccompanied Cello,Bach,,Southern Music Company,1,(unaccomp)(play any 4 mvts)
214-1-32389,Baritone Saxophone Solo,Premiere Solo: Allegretto et Allegro,Demersseman,Wehage,Musik Fabrik Music Publishing,1,
214-1-32390,Baritone Saxophone Solo,Sonata,Eccles,Rascher,Theodore Presser Company,1,"(play mvts 1, 2 & 4)"
214-1-32391,Baritone Saxophone Solo,Sonata in A Major,Franck,Oxford,Dorn Publishing Co.,1,(play mvts 1 & 2 or mvts 3 & 4)
214-1-32392,Baritone Saxophone Solo,Sonata,Heiden,,Schott Company,1,(play one mvt)
214-1-32393,Baritone Saxophone Solo,Fable,Krzywicki,,Tenuto Publications,1,
214-1-32394,Baritone Saxophone Solo,Crazy Rag,Matitia,,Lemoine Music Company,1,
214-1-32395,Baritone Saxophone Solo,Moto Perpetuo,Paganini,Simonson,Dorn Publishing Co.,1,
212-1-32396,Alto Saxophone Solo,Mai,Noda,,Alphonse Leduc,1,(unaccomp)
213-1-33788,Tenor Saxophone Solo,Frost,Mellits,,www.marcmellits.com,1,(play 2 contrasting mvts)
212-3-33789,Alto Saxophone Solo,Tableaux de Provence,Maurice,,Lemoine Music Company,3,(2nd mvt)
211-1-37176,Soprano Saxophone Solo,Suite Hellenique,Iturralde,,Editions Henry Lemoine,1,
211-1-37177,Soprano Saxophone Solo,Historie du Tango,Piazzolla,,Henry Lemoine,1,(play one mvt)
211-1-37178,Soprano Saxophone Solo,The Manitou Incline,Love,,Murphy Music Press,1,(play one mvt)
211-1-37179,Soprano Saxophone Solo,Deconstruct,Watson,,jenniwatson.com,1,(MUST use backing track)
211-1-37180,Soprano Saxophone Solo,Introduction and Rondo Capriccioso,Saint-Saens,Nakariakov,Editions Marc Reift,1,
211-1-37181,Soprano Saxophone Solo,"Caprice, Op. 80",Singelee,,Editions Henry Lemoine,1,
211-2-37182,Soprano Saxophone Solo,The Solitude of Stars,Garrop,,Theodore Presser Company,2,
212-1-37183,Alto Saxophone Solo,Suite Hellenique,Iturralde,,Editions Henry Lemoine,1,
212-1-37184,Alto Saxophone Solo,Aeolian Song (Mvt II from Concertino),Benson,,Presser,1,
212-1-37185,Alto Saxophone Solo,Musique de Concert,Constant,,Alphonse Leduc,1,(play three mvts)
212-1-37186,Alto Saxophone Solo,Pequena Czarda,Iturralde,,Carisch,1,
212-1-37187,Alto Saxophone Solo,Solace (A Lyric Concerto),Love,,Murphy Music Press,1,(play two contrasting mvts)
212-1-37188,Alto Saxophone Solo,Sonata,Pann,,Theodore Presser Company,1,"(play mvt 1 & ""Reverie"" from mvt 2)"
212-1-37189,Alto Saxophone Solo,Sonatine,Pascal,,Editions Durand,1,
212-1-37190,Alto Saxophone Solo,Le Grand Tango,Piazzolla,Heisler,Edizioni Berben,1,
212-1-37191,Alto Saxophone Solo,Sonatine Sportive,Tcherepnine,,Alphonse Leduc,1,(play two contrasting movements)
212-1-37192,Alto Saxophone Solo,Rhapsody,Waignein,,Scherzando Music Publishers,1,(play one mvt)
212-1-37193,Alto Saxophone Solo,Cyber Bird Concerto,Yoshimatsu,,ASKS-orch.com,1,(play one mvt)
212-1-37194,Alto Saxophone Solo,Divertimento,Yuyama,,Ongaku-No,1,
212-1-37195,Alto Saxophone Solo,Liberation,Love,,Murphy Music Press,1,(unaccomp)
212-1-37196,Alto Saxophone Solo,Sonata à la manière de Francis Poulenc,van Klaveren,,Resolute Music Publications,1,(play two contrasting mvts)
212-1-37197,Alto Saxophone Solo,Sonata in A Major,Franck,Fourmeau,Gerard Billaudot Edition,1,(play one mvt)
212-1-37198,Alto Saxophone Solo,"Chant du ménestrel, Op.71",Glazounov,Moriconi,Editions Delatour Music,1,
212-1-37199,Alto Saxophone Solo,Václav's Dream,Hirsch,,HirschMusic Publications,1,(unaccomp)
212-1-37200,Alto Saxophone Solo,Divertissement Espagnol,Loeffler,Wilds,Murphy Music Press,1,
212-1-37201,Alto Saxophone Solo,Suite Op. 55,Say,,Schott Company,1,(play two contrasting movements)
212-1-37202,Alto Saxophone Solo,Four Picutres from New York,Molinelli,,www.robertomolinelli.it,1,(play mvt 2 - Tango Club)
212-1-37203,Alto Saxophone Solo,Sonata,Pegram,,JPEG Music,1,(play one mvt)
212-1-37204,Alto Saxophone Solo,Paquito,Scott,,Astute Music,1,
212-1-37205,Alto Saxophone Solo,Deux Mouvements,Waignein,,De Haske Publications,1,(play one mvt)
212-1-37206,Alto Saxophone Solo,"In the First, Spinning Place",Tann,,Oxford University Press,1,(play one mvt)
212-1-37207,Alto Saxophone Solo,Pulcinella,Bozza,,Alphonse Leduc,1,
212-1-37208,Alto Saxophone Solo,Metropolitan Theatrics,Escallón,,Murphy Music Press,1,
212-2-37209,Alto Saxophone Solo,Light of Sothis,Quate,,Alphonse Leduc,2,(play mvt 1)
212-2-37210,Alto Saxophone Solo,Sonata No. III,Handel,Rascher,Chappell Music Company,2,(play mvt 2 OR 4)
212-2-37211,Alto Saxophone Solo,Three Latin Moods,Koch,,Southern Music Company,2,(play two mvts)
212-2-37212,Alto Saxophone Solo,Three Latin Sketches,Cornick,,Universal Editions,2,(play two mvts)
212-2-37213,Alto Saxophone Solo,Sonata à la manière de Francis Poulenc,van Klaveren,,Resolute Music Publications,2,(play mvt 2)
212-2-37214,Alto Saxophone Solo,Spiritual Et Danse Exotique,Avignon,,Billaudot,2,
212-2-37215,Alto Saxophone Solo,Baghira,Ferran,,Impromptu Editores,2,
212-2-37216,Alto Saxophone Solo,Danse Du Sax,Martin,,Billaudot,2,
212-2-37217,Alto Saxophone Solo,Remembrances,Webb,,RBC Publications,2,
212-2-37218,Alto Saxophone Solo,Come Home,Danyew,,Murphy Music Press,2,
212-2-37219,Alto Saxophone Solo,Nuits Blanches,Crepin,,Billaudot,2,
212-2-37220,Alto Saxophone Solo,Stars Under the Moon,Decruck,,Billaudot,2,
212-2-37221,Alto Saxophone Solo,Histories,Ibert,,Alphonse Leduc,2,(play two movements)
212-2-37222,Alto Saxophone Solo,Impression d'automne,Caplet,,Editions Henry Lemoine,2,
212-3-37223,Alto Saxophone Solo,Reves D'enfants (Childrens Dreams),Bozza,,Alphonse Leduc,3,
212-3-37224,Alto Saxophone Solo,Homeward Bound,Haspiel,,JPM Music Publications,3,
212-3-37225,Alto Saxophone Solo,Mist In The Meadow,Lendt,,JPM Music Publications,3,
213-1-37226,Tenor Saxophone Solo,Elegy for Innocence,Scott,,To The Fore Publishers,1,
213-1-37227,Tenor Saxophone Solo,Václav's Dream,Hirsch,,HirschMusic Publications,1,(unaccomp)
213-1-37228,Tenor Saxophone Solo,Three Short Pieces for Unaccompanied Saxophone,Savage,,Every Generation Music,1,(unaccomp) (play two pieces)
213-2-37229,Tenor Saxophone Solo,Country Portraits,Eveland,,Dennis Eveland Music,2,
213-2-37230,Tenor Saxophone Solo,Come Home,Danyew,,Murphy Music Press,2,
213-3-37231,Tenor Saxophone Solo,Kendor Debut Solos,various,,"Kendor Music, Inc. [Kendor Debut Solos]",3,(play one)
214-1-37232,Baritone Saxophone Solo,Fusion Suite,McMichael,,C. Alan Publications,1,(play two mvts)
214-1-37233,Baritone Saxophone Solo,Hiraeth,Nishimura,,Murphy Music Press,1,
214-1-37234,Baritone Saxophone Solo,Le Grand Tango,Piazzolla,Heisler,Edizioni Berben,1,
214-1-37235,Baritone Saxophone Solo,As I Am,Banks,,steven-banks.com,1,
214-1-37236,Baritone Saxophone Solo,Elégie Op. 24,Faure,Stevens,SAXpress,1,
214-1-37237,Baritone Saxophone Solo,Concerto,Hass,,Murphy Music Press,1,(play one mvt)
211-1-38452,Soprano Saxophone Solo,Crazy Rag,Matitia,,Edition Lemoine,1,
211-1-38453,Soprano Saxophone Solo,Fantasy Pieces,Nielsen,Lenard,Lenard Publications,1,
211-2-38454,Soprano Saxophone Solo,Fantasy Pieces,Nielsen,Lenard,Lenard Publications,2,(play one mvt)
212-2-38455,Alto Saxophone Solo,El Choclo,Villoldo,May,Lost Key Music,2,
212-2-38456,Alto Saxophone Solo,Prelude in b minor,Chopin,May,Lost Key Music,2,
212-3-38457,Alto Saxophone Solo,El testament d'Amelia,Llobet,May,Lost Key Music,3,
212-3-38458,Alto Saxophone Solo,Festival Solos,various,Pearson & Elledge,Neil A. Kjos Music Company,3,(play March from Scipio OR Capriccio OR Bagatelle OR Serenade OR Concert Etude OR Minuetto OR Country Gardens)
212-3-38459,Alto Saxophone Solo,"Festival Solos, Book 2",various,Pearson & Elledge,Neil A. Kjos Music Company,3,(play Ancient Ayre OR Handel March OR Orpheus OR Little March OR Minuet & Trio)
213-2-38460,Tenor Saxophone Solo,El testament d'Amelia,Llobet,May,Lost Key Music,2,
213-2-38461,Tenor Saxophone Solo,Country Dance,Bridge,Lenard,Lenard Publications,2,
213-3-38462,Tenor Saxophone Solo,Festival Solos,various,Pearson & Elledge,Neil A. Kjos Music Company,3,(play March from Scipio OR Capriccio OR Bagatelle OR Serenade OR Concert Etude OR Minuetto OR Country Gardens)
214-3-38463,Baritone Saxophone Solo,Adelita,Tarre,,Lost Key Music,3,
212-1-38517,Alto Saxophone Solo,Three Portraits,Genin,,TUX Peoples Music,1,(play two contrasting mvts)
